1.206049822706009925e-03
1.557045773512030426e-03
1.908041724318050711e-03
2.259037675124070561e-03
2.610033625930091063e-03
2.961029576736111130e-03
3.312025527542131198e-03
3.663021478348151266e-03
4.014017429154171333e-03
4.966906342596785241e-03
5.919795256039396547e-03
6.872684169482006986e-03
7.825573082924620893e-03
8.778461996367234801e-03
9.731350909809845240e-03
1.068423982325245741e-02
1.163712873669507132e-02
1.363813869828136086e-02
1.563914865986764866e-02
1.764015862145393645e-02
1.964116858304022772e-02
2.164217854462651552e-02
2.364318850621280332e-02
2.564419846779909112e-02
2.764520842938537892e-02
3.063370447713905861e-02
3.362220052489275218e-02
3.661069657264644922e-02
3.959919262040014626e-02
4.258768866815383636e-02
4.557618471590753340e-02
4.856468076366123043e-02
5.155317681141490666e-02
5.479295094910074243e-02
5.803272508678655739e-02
6.127249922447237235e-02
6.451227336215818731e-02
6.775204749984400920e-02
7.099182163752981722e-02
7.423159577521563912e-02
7.747136991290147490e-02
7.973797300656532139e-02
8.200457610022916788e-02
8.427117919389300049e-02
8.653778228755686086e-02
8.880438538122072123e-02
9.107098847488455384e-02
9.333759156854840033e-02
9.560419466221226070e-02
9.745174062349164223e-02
9.929928658477100989e-02
1.011468325460503637e-01
1.029943785073297452e-01
1.048419244686091129e-01
1.066894704298884666e-01
1.085370163911678482e-01
1.103845623524472158e-01
1.123515450639866881e-01
1.143185277755261881e-01
1.162855104870656603e-01
1.182524931986051464e-01
1.202194759101446186e-01
1.221864586216840909e-01
1.241534413332235909e-01
1.261204240447630631e-01
1.309111820990731812e-01
1.357019401533833269e-01
1.404926982076934727e-01
1.452834562620036185e-01
1.500742143163137921e-01
1.548649723706239378e-01
1.596557304249340836e-01
1.644464884792442017e-01
1.743600451855969458e-01
1.842736018919496066e-01
1.941871585983022674e-01
2.041007153046549283e-01
2.140142720110075891e-01
2.239278287173602500e-01
2.338413854237129108e-01
2.437549421300655716e-01
2.616900983878653886e-01
2.796252546456650112e-01
2.975604109034646338e-01
3.154955671612644230e-01
3.334307234190642122e-01
3.513658796768638903e-01
3.693010359346634575e-01
3.872361921924633021e-01
4.153820142883601907e-01
4.435278363842570792e-01
4.716736584801539678e-01
4.998194805760508563e-01
5.279653026719477449e-01
5.561111247678446334e-01
5.842569468637409669e-01
6.124027689596378554e-01
6.487945499363029223e-01
6.851863309129673230e-01
7.215781118896318347e-01
7.579698928662961244e-01
7.943616738429606361e-01
8.307534548196249258e-01
8.671452357962894375e-01
9.035370167729545043e-01
9.371232311202996046e-01
9.707094454676452600e-01
1.004295659814991026e+00
1.037881874162336127e+00
1.071468088509681227e+00
1.105054302857026771e+00
1.138640517204372538e+00
1.172226731551717638e+00
1.212523506349156843e+00
1.252820281146595160e+00
1.293117055944033478e+00
1.333413830741471795e+00
1.373710605538910112e+00
1.414007380336349318e+00
1.454304155133788523e+00
1.494600929931226840e+00
1.529533028512921167e+00
1.564465127094615271e+00
1.599397225676309375e+00
1.634329324258003036e+00
1.669261422839696696e+00
1.704193521421390800e+00
1.739125620003084904e+00
1.774057718584779231e+00
1.803120566564033078e+00
1.832183414543286704e+00
1.861246262522540551e+00
1.890309110501793732e+00
1.919371958481046914e+00
1.948434806460300761e+00
1.977497654439554609e+00
2.006560502418808234e+00
2.031346530200376588e+00
2.056132557981944498e+00
2.080918585763512851e+00
2.105704613545081649e+00
2.130490641326650447e+00
2.155276669108218801e+00
2.180062696889786711e+00
2.204848724671355065e+00
2.268307297773483278e+00
2.331765870875613267e+00
2.395224443977742812e+00
2.458683017079871025e+00
2.522141590181999682e+00
2.585600163284129227e+00
2.649058736386258772e+00
2.712517309488386985e+00
2.935379441462063532e+00
3.158241573435744076e+00
3.381103705409424620e+00
3.603965837383101167e+00
3.826827969356777714e+00
4.049690101330458702e+00
4.272552233304138802e+00
4.495414365277815349e+00
4.711023514327671080e+00
4.926632663377522370e+00
5.142241812427373659e+00
5.357850961477229390e+00
5.573460110527085121e+00
5.789069259576939963e+00
6.004678408626795694e+00
6.220287557676646983e+00
5.906858247311881804e+00
5.593428936947110408e+00
5.279999626582339900e+00
4.966570316217568504e+00
4.653141005852797107e+00
4.339711695488026599e+00
4.026282385123256091e+00
3.712853074758484695e+00
3.509121581284819769e+00
3.305390087811154398e+00
3.101658594337489028e+00
2.897927100863831207e+00
2.694195607390173386e+00
2.490464113916508460e+00
2.286732620442843089e+00
2.083001126969177719e+00
2.096512504265234611e+00
2.110023881561291947e+00
2.123535258857348396e+00
2.137046636153405288e+00
2.150558013449462180e+00
2.164069390745518628e+00
2.177580768041575965e+00
2.191092145337632857e+00
2.212336747046046437e+00
2.233581348754459572e+00
2.254825950462873152e+00
2.276070552171286288e+00
2.297315153879699867e+00
2.318559755588113003e+00
2.339804357296526582e+00
2.361048959004940606e+00
2.339203921988939339e+00
2.317358884972938959e+00
2.295513847956938580e+00
2.273668810940937313e+00
2.251823773924936489e+00
2.229978736908936110e+00
2.208133699892935731e+00
2.186288662876934463e+00
2.167381830921067287e+00
2.148474998965200999e+00
2.129568167009334267e+00
2.110661335053467980e+00
2.091754503097601248e+00
2.072847671141734516e+00
2.053940839185868228e+00
2.035034007230001052e+00
2.000068900927469695e+00
1.965103794624939892e+00
1.930138688322408536e+00
1.895173582019877401e+00
1.860208475717346266e+00
1.825243369414815131e+00
1.790278263112283774e+00
1.755313156809752639e+00
1.719327784313537943e+00
1.683342411817324580e+00
1.647357039321111216e+00
1.611371666824896520e+00
1.575386294328683157e+00
1.539400921832469571e+00
1.503415549336254875e+00
1.467430176840041511e+00
1.438707551572814713e+00
1.409984926305587694e+00
1.381262301038360896e+00
1.352539675771134098e+00
1.323817050503907300e+00
1.295094425236680280e+00
1.266371799969453482e+00
1.237649174702226684e+00
1.214107114668584675e+00
1.190565054634942221e+00
1.167022994601300212e+00
1.143480934567658203e+00
1.119938874534016415e+00
1.096396814500374628e+00
1.072854754466731730e+00
1.049312694433089943e+00
1.041834880594581403e+00
1.034357066756072419e+00
1.026879252917563656e+00
1.019401439079054672e+00
1.011923625240545910e+00
1.004445811402036925e+00
9.969679975635280522e-01
9.894901837250191790e-01
9.876144292161833649e-01
9.857386747073474398e-01
9.838629201985116257e-01
9.819871656896758116e-01
9.801114111808399976e-01
9.782356566720041835e-01
9.763599021631683694e-01
9.744841476543324443e-01
9.778276361530638949e-01
9.811711246517951235e-01
9.845146131505265741e-01
9.878581016492579137e-01
9.912015901479892532e-01
9.945450786467207038e-01
9.978885671454520434e-01
1.001232055644183383e+00
1.004186407488149024e+00
1.007140759332114666e+00
1.010095111176080307e+00
1.013049463020045948e+00
1.016003814864011590e+00
1.018958166707977231e+00
1.021912518551942872e+00
1.024866870395908514e+00
1.041283210937485215e+00
1.057699551479062583e+00
1.074115892020639729e+00
1.090532232562217096e+00
1.106948573103794242e+00
1.123364913645371610e+00
1.139781254186948756e+00
1.156197594728526123e+00
1.206163351624132130e+00
1.256129108519738136e+00
1.306094865415344142e+00
1.356060622310948593e+00
1.406026379206553045e+00
1.455992136102159051e+00
1.505957892997765057e+00
1.555923649893371064e+00
1.628981690405071792e+00
1.702039730916772520e+00
1.775097771428473026e+00
1.848155811940173754e+00
1.921213852451874482e+00
1.994271892963574988e+00
2.067329933475275716e+00
2.140387973986974224e+00
2.208564568694456831e+00
2.276741163401941659e+00
2.344917758109424266e+00
2.413094352816906873e+00
2.481270947524389925e+00
2.549447542231872532e+00
2.617624136939355139e+00
2.685800731646837747e+00
2.749261832393084415e+00
2.812722933139331083e+00
2.876184033885575531e+00
2.939645134631822199e+00
3.003106235378068867e+00
3.066567336124313314e+00
3.130028436870562203e+00
3.193489537616806651e+00
3.227620199342147167e+00
3.261750861067485463e+00
3.295881522792823759e+00
3.330012184518162499e+00
3.364142846243500795e+00
3.398273507968839091e+00
3.432404169694177387e+00
3.466534831419517904e+00
3.476446588049944442e+00
3.486358344680370980e+00
3.496270101310797518e+00
3.506181857941223612e+00
3.516093614571650150e+00
3.526005371202076688e+00
3.535917127832503226e+00
3.545828884462929764e+00
3.500840291459976328e+00
3.455851698457026000e+00
3.410863105454075228e+00
3.365874512451124900e+00
3.320885919448174128e+00
3.275897326445223356e+00
3.230908733442273029e+00
3.185920140439322257e+00
3.099562456725533988e+00
3.013204773011746163e+00
2.926847089297957893e+00
2.840489405584169624e+00
2.754131721870381355e+00
2.667774038156593530e+00
2.581416354442800376e+00
2.495058670729012107e+00
2.363349480972996908e+00
2.231640291216981709e+00
2.099931101460966509e+00
1.968221911704951310e+00
1.836512721948936111e+00
1.704803532192921134e+00
1.573094342436905935e+00
1.441385152680890736e+00
1.323112536998303668e+00
1.204839921315723261e+00
1.086567305633142855e+00
9.682946899505625593e-01
8.500220742679821528e-01
7.317494585853950850e-01
6.134768429028081282e-01
4.952042272202277218e-01
4.438800553344629529e-01
3.925558834486981841e-01
3.412317115629333597e-01
2.899075396771657598e-01
2.385833677913981044e-01
1.872591959056333355e-01
1.359350240198685111e-01
8.461085213410372841e-02
7.471179496891099114e-02
6.481273780371879512e-02
5.491368063852661296e-02
4.501462347333387570e-02
3.511556630814168661e-02
2.521650914294949059e-02
1.531745197775676026e-02
5.418394812564565968e-03
4.755424943628633848e-03
4.092455074692738157e-03
3.429485205756841598e-03
2.766515336820909478e-03
2.103545467884976924e-03
1.440575598949080799e-03
7.776057300131851077e-04
1.146358610772533804e-04
1.004512599925572321e-04
8.626665890786184285e-05
7.208205782316645356e-05
5.789745673847107783e-05
4.371285565377568854e-05
2.952825456907954031e-05
1.534365348438339208e-05
1.159052399688000671e-06
1.015414910852270081e-06
8.717774220165392783e-07
7.281399331808086876e-07
5.845024443450779911e-07
4.408649555093474004e-07
2.972274666736167039e-07
1.535899778378937365e-07
9.952489002162905992e-09
8.718013592999474602e-09
7.483538183836107732e-09
6.249062774672741690e-09
5.014587365509375647e-09
3.780111956346008777e-09
2.545636547182642734e-09
1.311161138019276691e-09
7.668572885584471965e-11
6.718335262409905167e-11
5.768097639235389421e-11
4.817860016060823269e-11
3.867622392886257117e-11
2.917384769711690965e-11
1.967147146537124813e-11
1.016909523362558662e-11
6.667190018799289341e-13
5.838165948616139999e-13
5.009141878432990658e-13
4.180117808249841316e-13
3.351093738066692480e-13
2.522069667883543138e-13
1.693045597700393292e-13
8.640215275172439503e-14
3.499745733413754252e-15
3.065958368451293800e-15
2.632171003488811260e-15
2.198383638526350808e-15
1.764596273563890356e-15
1.330808908601429904e-15
8.970215436389694526e-16
4.632341786764869126e-16
2.944681371402644838e-17
2.584478165727016849e-17
2.224274960051388860e-17
1.864071754375760871e-17
1.503868548700132574e-17
1.143665343024504586e-17
7.834621373488765967e-18
4.232589316732482997e-18
6.305572599762060939e-19
5.563505092947310596e-19
4.821437586132559289e-19
4.079370079317808946e-19
3.337302572503058121e-19
2.595235065688307778e-19
1.853167558873556954e-19
1.111100052058806610e-19
3.690325452440548829e-20
3.313448028388696439e-20
2.936570604336862707e-20
2.559693180285010318e-20
2.182815756233157928e-20
1.805938332181305539e-20
1.429060908129453149e-20
1.052183484077600760e-20
6.753060600257485958e-21
6.328013975959405208e-21
5.902967351661302641e-21
5.477920727363200826e-21
5.052874103065120076e-21
4.627827478767018261e-21
4.202780854468916446e-21
3.777734230170835696e-21
3.352687605872732752e-21
4.870744870317734347e-21
6.388802134762662590e-21
7.906859399207589329e-21
9.424916663652517573e-21
1.094297392809744431e-20
1.246103119254237256e-20
1.397908845698730230e-20
1.549714572143222754e-20
3.246776924634001299e-20
4.943839277124697391e-20
6.640901629615393483e-20
8.337963982106172029e-20
1.003502633459694937e-19
1.173208868708772792e-19
1.342915103957850526e-19
1.512621339206920316e-19
8.235918981535018771e-19
1.495921662386279487e-18
2.168251426619089357e-18
2.840581190851899227e-18
3.512910955084709096e-18
4.185240719317518966e-18
4.857570483550296480e-18
5.529900247783106350e-18
3.041490359767806119e-17
5.529990694757301373e-17
8.018491029746795394e-17
1.050699136473629126e-16
1.299549169972578837e-16
1.548399203471528177e-16
1.797249236970477764e-16
2.046099270469427351e-16
5.664242959596471788e-16
9.282386648723687308e-16
1.290053033785090086e-15
1.651867402697811638e-15
2.013681771610532993e-15
2.375496140523237190e-15
2.737310509435941781e-15
3.099124878348663333e-15
5.184993287898903756e-15
7.270861697449143783e-15
9.356730106999480052e-15
1.144259851654972008e-14
1.352846692609996011e-14
1.561433533565029480e-14
1.770020374520053483e-14
1.978607215475077485e-14
2.515784929194324928e-14
3.052962642913547442e-14
3.590140356632770272e-14
4.127318070352017715e-14
4.664495784071265157e-14
5.201673497790513230e-14
5.738851211509760673e-14
6.276028925228982872e-14
6.463040177841448904e-14
6.650051430453923772e-14
6.837062683066389805e-14
7.024073935678854575e-14
7.211085188291320608e-14
7.398096440903786640e-14
7.585107693516261508e-14
7.772118946128727541e-14
7.317279335403789748e-14
6.862439724678831761e-14
6.407600113953872511e-14
5.952760503228934718e-14
5.497920892503996926e-14
5.043081281779038938e-14
4.588241671054080320e-14
4.133402060329141896e-14
3.753125795407821008e-14
3.372849530486482451e-14
2.992573265565161563e-14
2.612297000643840360e-14
2.232020735722502118e-14
1.851744470801163876e-14
1.471468205879859712e-14
1.091191940958521943e-14
9.838923167282259366e-15
8.765926924979204636e-15
7.692930682676148329e-15
6.619934440373093599e-15
5.546938198070038869e-15
4.473941955766983351e-15
3.400945713463927833e-15
2.327949471160967372e-15
2.056686469933275130e-15
1.785423468705606553e-15
1.514160467477937977e-15
1.242897466250269203e-15
9.716344650226006264e-16
7.003714637949083841e-16
4.291084625672159445e-16
1.578454613395474420e-16
1.390099157268615955e-16
1.201743701141773513e-16
1.013388245014931319e-16
8.250327888880727301e-17
6.366773327612142649e-17
4.483218766343556765e-17
2.599664205074969648e-17
7.161096438065475449e-18
6.301947898285354961e-18
5.442799358505161287e-18
4.583650818725041569e-18
3.724502278944921080e-18
2.865353739164800591e-18
2.006205199384680873e-18
1.147056659604486429e-18
2.879081198243656994e-19
2.539371474609693623e-19
2.199661750975701845e-19
1.859952027341738473e-19
1.520242303707775102e-19
1.180532580073811972e-19
8.408228564398486008e-20
5.011131328058565814e-20
1.614034091718934510e-20
1.430107052561315544e-20
1.246180013403711925e-20
1.062252974246108306e-20
8.783259350885048369e-21
6.943988959309012179e-21
5.104718567732977494e-21
3.265448176156941304e-21
1.426177784580904361e-21
1.283218095084256970e-21
1.140258405587609391e-21
9.972987160909620006e-22
8.543390265943025727e-22
7.113793370976432389e-22
5.684196476009957540e-22
4.254599581043483632e-22
2.825002686077008313e-22
3.062262069222217984e-22
3.299521452367427654e-22
3.536780835512656603e-22
3.774040218657866273e-22
4.011299601803075944e-22
4.248558984948305363e-22
4.485818368093515033e-22
4.723077751238724704e-22
6.316139102268374142e-22
7.909200453298023581e-22
9.502261804327673960e-22
1.109532315535732434e-21
1.268838450638697284e-21
1.428144585741662322e-21
1.587450720844640337e-21
1.746756855947605375e-21
3.639035038733993589e-21
5.531313221520227201e-21
7.423591404306615791e-21
9.315869587093002876e-21
1.120814776987939147e-20
1.310042595266577855e-20
1.499270413545216714e-20
1.688498231823855423e-20
3.703614265901766819e-20
5.718730299979677613e-20
7.733846334057589010e-20
9.748962368135661703e-20
1.176407840221373440e-19
1.377919443629164579e-19
1.579431047036955719e-19
1.780942650444746858e-19
2.824576482021112507e-19
3.868210313597477914e-19
4.911844145173843803e-19
5.955477976750209692e-19
6.999111808326575582e-19
8.042745639902941471e-19
9.086379471479306397e-19
1.013001330305567229e-18
1.033114122983626993e-18
1.053226915661686566e-18
1.073339708339746331e-18
1.093452501017806096e-18
1.113565293695865860e-18
1.133678086373925433e-18
1.153790879051985198e-18
1.173903671730044963e-18
1.157932769893364899e-18
1.141961868056683681e-18
1.125990966220002270e-18
1.110020064383322207e-18
1.094049162546640988e-18
1.078078260709959577e-18
1.062107358873279514e-18
1.046136457036598295e-18
9.641547301016253667e-19
8.821730031666522455e-19
8.001912762316793169e-19
7.182095492967062921e-19
6.362278223617332672e-19
5.542460954267603386e-19
4.722643684917873137e-19
3.902826415568143370e-19
3.471774034581405347e-19
3.040721653594634101e-19
2.609669272607896078e-19
2.178616891621158055e-19
1.747564510634387050e-19
1.316512129647648786e-19
8.854597486609107631e-20
4.544073676741397584e-20
4.057107779540751928e-20
3.570141882340106874e-20
3.083175985139461218e-20
2.596210087938815863e-20
2.109244190738170508e-20
1.622278293537524853e-20
1.135312396336879799e-20
6.483464991362339925e-21
5.730667334964018905e-21
4.977869678565641462e-21
4.225072022167264018e-21
3.472274365768942999e-21
2.719476709370565555e-21
1.966679052972188864e-21
1.213881396573867092e-21
4.610837401754904948e-22
4.128467714038180888e-22
3.646098026321492093e-22
3.163728338604768033e-22
2.681358650888043502e-22
2.198988963171355177e-22
1.716619275454630647e-22
1.234249587737906586e-22
7.518799000212182613e-23
6.875336099858003622e-23
6.231873199503824630e-23
5.588410299149598619e-23
4.944947398795419627e-23
4.301484498441240048e-23
3.658021598087014036e-23
3.014558697732835045e-23
2.371095797378656053e-23
2.322230593821198848e-23
2.273365390263738117e-23
2.224500186706277680e-23
2.175634983148820476e-23
2.126769779591359745e-23
2.077904576033899307e-23
2.029039372476442103e-23
1.980174168918981372e-23
2.032932703654212218e-23
2.085691238389439539e-23
2.138449773124670385e-23
2.191208307859901232e-23
2.243966842595128259e-23
2.296725377330359105e-23
2.349483912065590246e-23
2.402242446800817272e-23
2.441881995791304527e-23
2.481521544781794721e-23
2.521161093772284915e-23
2.560800642762772464e-23
2.600440191753262658e-23
2.640079740743752852e-23
2.679719289734239813e-23
2.719358838724730301e-23
3.103597658092780340e-23
3.487836477460858003e-23
3.872075296828908042e-23
4.256314116196958081e-23
4.640552935565035744e-23
5.024791754933085783e-23
5.409030574301135822e-23
5.793269393669213485e-23
5.902624153370506369e-23
6.011978913071800428e-23
6.121333672773093311e-23
6.230688432474386195e-23
6.340043192175680253e-23
6.449397951876973137e-23
6.558752711578267196e-23
6.668107471279560079e-23
6.507569379890964595e-23
6.347031288502367935e-23
6.186493197113772451e-23
6.025955105725175791e-23
5.865417014336580307e-23
5.704878922947984823e-23
5.544340831559388163e-23
5.383802740170792679e-23
5.530408693901540332e-23
5.677014647632277405e-23
5.823620601363014478e-23
5.970226555093760956e-23
6.116832508824498029e-23
6.263438462555235102e-23
6.410044416285982755e-23
6.556650370016719828e-23
6.406391842841756131e-23
6.256133315666803013e-23
6.105874788491839316e-23
5.955616261316875619e-23
5.805357734141921326e-23
5.655099206966957628e-23
5.504840679791993931e-23
5.354582152617040813e-23
5.206117684650481650e-23
5.057653216683922487e-23
4.909188748717363323e-23
4.760724280750794168e-23
4.612259812784225013e-23
4.463795344817665850e-23
4.315330876851106686e-23
4.166866408884547523e-23
4.093671022513811658e-23
4.020475636143076380e-23
3.947280249772340515e-23
3.874084863401605238e-23
3.800889477030869961e-23
3.727694090660134095e-23
3.654498704289398230e-23
3.581303317918662953e-23
3.385306705968670277e-23
3.189310094018689944e-23
2.993313482068710199e-23
2.797316870118717524e-23
2.601320258168724554e-23
2.405323646218731585e-23
2.209327034268738909e-23
2.013330422318758870e-23
1.924007259841752453e-23
1.834684097364751914e-23
1.745360934887751375e-23
1.656037772410750836e-23
1.566714609933750297e-23
1.477391447456749758e-23
1.388068284979749219e-23
1.298745122502742803e-23
1.203598479723826081e-23
1.108451836944915384e-23
1.013305194166004686e-23
9.181585513870941360e-24
8.230119086081834387e-24
7.278652658292727413e-24
6.327186230503621909e-24
5.375719802714453957e-24
4.926888336645301730e-24
4.478056870576120851e-24
4.029225404506939972e-24
3.580393938437759093e-24
3.131562472368577846e-24
2.682731006299425619e-24
2.233899540230273393e-24
1.785068074161091779e-24
1.629199733584822099e-24
1.473331393008552236e-24
1.317463052432282373e-24
1.161594711856012694e-24
1.005726371279743015e-24
8.498580307034731519e-25
6.939896901272032889e-25
5.381213495509236914e-25
4.863733884650520142e-25
4.346254273791770310e-25
3.828774662933020936e-25
3.311295052074271563e-25
2.793815441215522190e-25
2.276335830356804959e-25
1.758856219498088187e-25
1.241376608639338355e-25
1.135661075582266452e-25
1.029945542525194320e-25
9.242300094681224172e-26
8.185144764110503998e-26
7.127989433539783824e-26
6.070834102969064798e-26
5.013678772398344624e-26
3.956523441827625024e-26
3.727861263505739973e-26
3.499199085183840572e-26
3.270536906861941746e-26
3.041874728540056694e-26
2.813212550218171643e-26
2.584550371896272242e-26
2.355888193574373129e-26
2.127226015252488077e-26
2.300675522694611128e-26
2.474125030136744510e-26
2.647574537578878178e-26
2.821024045021001229e-26
2.994473552463123705e-26
3.167923059905257661e-26
3.341372567347391043e-26
3.514822074789514093e-26
4.515621326311978950e-26
5.516420577834444382e-26
6.517219829356909239e-26
7.518019080879374096e-26
8.518818332401838954e-26
9.519617583924303811e-26
1.052041683544676867e-25
1.152121608696923353e-25
1.786784985218925224e-25
2.421448361740927324e-25
3.056111738262929195e-25
3.690775114784931066e-25
4.325438491306932937e-25
4.960101867828934808e-25
5.594765244350936679e-25
6.229428620872938550e-25
8.212948206091234018e-25
1.019646779130929714e-24
1.217998737652735843e-24
1.416350696174565482e-24
1.614702654696395120e-24
1.813054613218201249e-24
2.011406571740007378e-24
2.209758530261837017e-24
3.151679476722335563e-24
4.093600423182943944e-24
5.035521369643552693e-24
5.977442316104051240e-24
6.919363262564659988e-24
7.861284209025267268e-24
8.803205155485767283e-24
9.745126101946374563e-24
