1.000000000000000021e-02
2.009999999999999981e-02
3.030100000000000154e-02
4.060401000000000288e-02
5.101005010000000256e-02
6.152015060100000238e-02
7.213535210700999789e-02
8.285670562808010453e-02
9.368527268436090127e-02
1.046221254112045113e-01
1.156683466653165571e-01
1.268250301319697182e-01
1.380932804332894170e-01
1.494742132376223054e-01
1.609689553699985287e-01
1.725786449236985098e-01
1.843044313729355066e-01
1.961474756866648517e-01
2.081089504435315041e-01
2.201900399479668202e-01
2.323919403474464795e-01
2.447158597509209443e-01
2.571630183484301391e-01
2.697346485319144227e-01
2.824319950172335947e-01
2.952563149674059528e-01
3.082088781170800318e-01
3.212909668982508182e-01
3.345038765672333492e-01
3.478489153329056838e-01
3.613274044862347378e-01
3.749406785310970824e-01
3.886900853164080294e-01
4.025769861695721041e-01
4.166027560312678402e-01
4.307687835915804953e-01
4.450764714274962897e-01
4.595272361417712670e-01
4.741225085031889885e-01
4.888637335882208834e-01
5.037523709241030767e-01
5.187898946333441286e-01
5.339777935796775621e-01
5.493175715154743344e-01
5.648107472306290733e-01
5.804588547029353451e-01
5.962634432499647197e-01
6.122260776824643980e-01
6.283483384592890575e-01
6.446318218438819025e-01
6.610781400623206849e-01
6.776889214629439051e-01
6.944658106775732920e-01
7.114104687843489927e-01
7.285245734721924604e-01
7.458098192069143595e-01
7.632679173989834753e-01
7.809005965729732823e-01
7.987096025387030451e-01
8.166966985640901067e-01
8.348636655497310155e-01
8.532123022052283678e-01
8.717444252272806837e-01
8.904618694795535250e-01
9.093664881743490636e-01
9.284601530560925298e-01
9.477447545866534151e-01
9.672222021325199703e-01
9.868944241538452067e-01
1.006763368395383607e+00
1.026831002079337418e+00
1.047099312100130852e+00
1.067570305221132054e+00
1.088246008273343390e+00
1.109128468356076924e+00
1.130219753039637620e+00
1.151521950570034036e+00
1.173037170075734270e+00
1.194767541776491582e+00
1.216715217194256571e+00
1.238882369366199221e+00
1.261271193059861240e+00
1.283883904990459790e+00
1.306722744040364370e+00
1.329789971480767941e+00
1.353087871195575609e+00
1.376618749907531303e+00
1.400384937406606634e+00
1.424388786780672600e+00
1.448632674648479224e+00
1.473119001394963989e+00
1.497850191408913734e+00
1.522828693323002858e+00
1.548056980256232951e+00
1.573537550058795365e+00
1.599272925559383385e+00
1.625265654814977312e+00
1.651518311363127101e+00
1.678033494476758314e+00
1.704813829421525817e+00
1.731861967715740969e+00
1.759180587392898287e+00
1.786772393266827352e+00
1.814640117199495695e+00
1.842786518371490656e+00
1.871214383555205529e+00
1.899926527390757514e+00
1.928925792664665018e+00
1.958215050591311623e+00
1.987797201097224686e+00
2.017675173108196773e+00
2.047851924839278581e+00
2.078330444087671314e+00
