1.000000000000000021e-02
1.126250000000000168e-02
1.252500000000000141e-02
1.378750000000000114e-02
1.505000000000000088e-02
1.631250000000000061e-02
1.757500000000000034e-02
1.883750000000000008e-02
2.009999999999999981e-02
2.137512500000000176e-02
2.265025000000000024e-02
2.392537499999999873e-02
2.520050000000000068e-02
2.647562500000000263e-02
2.775075000000000111e-02
2.902587499999999959e-02
3.030100000000000154e-02
3.158887625000000171e-02
3.287675250000000188e-02
3.416462875000000204e-02
3.545250500000000221e-02
3.674038125000000238e-02
3.802825750000000254e-02
3.931613375000000271e-02
4.060401000000000288e-02
4.190476501249999763e-02
4.320552002499999933e-02
4.450627503750000102e-02
4.580703005000000272e-02
4.710778506250000441e-02
4.840854007500000611e-02
4.970929508750000780e-02
5.101005010000000256e-02
5.232381266262500774e-02
5.363757522525000598e-02
5.495133778787500423e-02
5.626510035050000247e-02
5.757886291312500071e-02
5.889262547574999895e-02
6.020638803837499720e-02
6.152015060100000238e-02
6.284705078925124921e-02
6.417395097750250299e-02
6.550085116575374289e-02
6.682775135400499666e-02
6.815465154225625044e-02
6.948155173050749034e-02
7.080845191875874411e-02
7.213535210700999789e-02
7.347552129714376989e-02
7.481569048727752802e-02
7.615585967741128615e-02
7.749602886754505815e-02
7.883619805767881628e-02
8.017636724781257440e-02
8.151653643794634641e-02
8.285670562808010453e-02
8.421027651011520065e-02
8.556384739215031066e-02
8.691741827418540678e-02
8.827098915622050290e-02
8.962456003825559903e-02
9.097813092029069515e-02
9.233170180232580515e-02
9.368527268436090127e-02
9.505237927521634211e-02
9.641948586607179683e-02
9.778659245692725155e-02
9.915369904778270627e-02
1.005208056386381610e-01
1.018879122294936157e-01
1.032550188203490704e-01
1.046221254112045113e-01
1.060029030679685291e-01
1.073836807247325331e-01
1.087644583814965371e-01
1.101452360382605411e-01
1.115260136950245451e-01
1.129067913517885491e-01
1.142875690085525531e-01
1.156683466653165571e-01
1.170629320986482091e-01
1.184575175319798473e-01
1.198521029653114855e-01
1.212466883986431376e-01
1.226412738319747897e-01
1.240358592653064279e-01
1.254304446986380661e-01
1.268250301319697182e-01
1.282335614196346840e-01
1.296420927072996498e-01
1.310506239949646157e-01
1.324591552826295815e-01
1.338676865702945473e-01
1.352762178579595131e-01
1.366847491456244512e-01
1.380932804332894170e-01
1.395158970338310489e-01
1.409385136343726530e-01
1.423611302349142571e-01
1.437837468354558612e-01
1.452063634359974653e-01
1.466289800365390694e-01
1.480515966370806735e-01
1.494742132376223054e-01
1.509110560041693194e-01
1.523478987707163612e-01
1.537847415372634030e-01
1.552215843038104170e-01
1.566584270703574311e-01
1.580952698369044729e-01
1.595321126034515147e-01
1.609689553699985287e-01
1.624201665642110437e-01
1.638713777584235309e-01
1.653225889526360182e-01
1.667738001468485054e-01
1.682250113410609926e-01
1.696762225352735076e-01
1.711274337294860226e-01
1.725786449236985098e-01
1.740443682298531414e-01
1.755100915360077729e-01
1.769758148421624044e-01
1.784415381483170082e-01
1.799072614544716120e-01
1.813729847606262435e-01
1.828387080667808751e-01
1.843044313729355066e-01
1.857848119121516817e-01
1.872651924513678567e-01
1.887455729905840318e-01
1.902259535298001791e-01
1.917063340690163264e-01
1.931867146082325015e-01
1.946670951474486766e-01
1.961474756866648517e-01
1.976426600312731763e-01
1.991378443758815009e-01
2.006330287204898255e-01
2.021282130650981779e-01
2.036233974097065302e-01
2.051185817543148548e-01
2.066137660989231795e-01
2.081089504435315041e-01
2.096190866315859047e-01
2.111292228196403331e-01
2.126393590076947615e-01
2.141494951957491621e-01
2.156596313838035628e-01
2.171697675718579912e-01
2.186799037599124196e-01
2.201900399479668202e-01
2.217152774979017638e-01
2.232405150478367351e-01
2.247657525977717063e-01
2.262909901477066499e-01
2.278162276976415934e-01
2.293414652475765647e-01
2.308667027975115360e-01
2.323919403474464795e-01
2.339324302728807981e-01
2.354729201983150888e-01
2.370134101237493796e-01
2.385539000491836981e-01
2.400943899746180166e-01
2.416348799000523351e-01
2.431753698254866536e-01
2.447158597509209443e-01
2.462717545756095694e-01
2.478276494002982222e-01
2.493835442249868750e-01
2.509394390496755278e-01
2.524953338743641806e-01
2.540512286990528334e-01
2.556071235237414863e-01
2.571630183484301391e-01
2.587344721213656884e-01
2.603059258943012377e-01
2.618773796672367871e-01
2.634488334401722809e-01
2.650202872131077747e-01
2.665917409860433240e-01
2.681631947589788734e-01
2.697346485319144227e-01
2.713218168425793331e-01
2.729089851532442434e-01
2.744961534639090983e-01
2.760833217745740087e-01
2.776704900852389191e-01
2.792576583959037739e-01
2.808448267065686843e-01
2.824319950172335947e-01
2.840350350110051325e-01
2.856380750047766703e-01
2.872411149985482082e-01
2.888441549923197460e-01
2.904471949860912838e-01
2.920502349798628217e-01
2.936532749736343595e-01
2.952563149674059528e-01
2.968753853611152405e-01
2.984944557548244726e-01
3.001135261485337047e-01
3.017325965422429923e-01
3.033516669359522799e-01
3.049707373296615120e-01
3.065898077233707442e-01
3.082088781170800318e-01
3.098441392147264217e-01
3.114794003123727562e-01
3.131146614100190906e-01
3.147499225076654250e-01
3.163851836053117594e-01
3.180204447029580939e-01
3.196557058006044283e-01
3.212909668982508182e-01
3.229425806068736415e-01
3.245941943154964093e-01
3.262458080241192326e-01
3.278974217327420559e-01
3.295490354413648793e-01
3.312006491499877026e-01
3.328522628586105259e-01
3.345038765672333492e-01
3.361720064129424257e-01
3.378401362586514467e-01
3.395082661043604677e-01
3.411763959500695442e-01
3.428445257957785652e-01
3.445126556414875862e-01
3.461807854871966628e-01
3.478489153329056838e-01
3.495337264770718155e-01
3.512185376212379473e-01
3.529033487654040790e-01
3.545881599095702108e-01
3.562729710537363426e-01
3.579577821979024743e-01
3.596425933420686061e-01
3.613274044862347378e-01
3.630290637418425170e-01
3.647307229974503517e-01
3.664323822530581309e-01
3.681340415086659101e-01
3.698357007642736893e-01
3.715373600198814685e-01
3.732390192754893032e-01
3.749406785310970824e-01
3.766593543792609022e-01
3.783780302274247775e-01
3.800967060755886529e-01
3.818153819237525282e-01
3.835340577719164035e-01
3.852527336200802788e-01
3.869714094682441541e-01
3.886900853164080294e-01
3.904259479230535179e-01
3.921618105296990620e-01
3.938976731363446060e-01
3.956335357429900945e-01
3.973693983496355830e-01
3.991052609562810716e-01
4.008411235629265601e-01
4.025769861695721041e-01
4.043302074022840920e-01
4.060834286349960243e-01
4.078366498677080121e-01
4.095898711004199999e-01
4.113430923331319322e-01
4.130963135658439200e-01
4.148495347985559079e-01
4.166027560312678402e-01
4.183735094763069151e-01
4.201442629213459901e-01
4.219150163663850650e-01
4.236857698114241400e-01
4.254565232564632149e-01
4.272272767015022898e-01
4.289980301465413648e-01
4.307687835915804953e-01
4.325572445710699210e-01
4.343457055505594022e-01
4.361341665300488835e-01
4.379226275095383647e-01
4.397110884890278459e-01
4.414995494685173272e-01
4.432880104480068084e-01
4.450764714274962897e-01
4.468828170167806757e-01
4.486891626060650617e-01
4.504955081953494478e-01
4.523018537846337783e-01
4.541081993739181089e-01
4.559145449632024949e-01
4.577208905524868809e-01
4.595272361417712670e-01
4.613516451869484891e-01
4.631760542321257113e-01
4.650004632773029334e-01
4.668248723224801555e-01
4.686492813676573777e-01
4.704736904128345998e-01
4.722980994580118219e-01
4.741225085031889885e-01
4.759651616388179685e-01
4.778078147744470039e-01
4.796504679100759838e-01
4.814931210457049637e-01
4.833357741813339437e-01
4.851784273169629236e-01
4.870210804525919035e-01
4.888637335882208834e-01
4.907248132552061715e-01
4.925858929221914595e-01
4.944469725891766920e-01
4.963080522561619801e-01
4.981691319231472681e-01
5.000302115901325006e-01
5.018912912571178442e-01
5.037523709241030767e-01
5.056320613877582915e-01
5.075117518514133952e-01
5.093914423150684989e-01
5.112711327787236026e-01
5.131508232423787064e-01
5.150305137060338101e-01
5.169102041696889138e-01
5.187898946333441286e-01
5.206883820016358078e-01
5.225868693699274870e-01
5.244853567382191661e-01
5.263838441065108453e-01
5.282823314748025245e-01
5.301808188430942037e-01
5.320793062113858829e-01
5.339777935796775621e-01
5.358952658216522558e-01
5.378127380636268384e-01
5.397302103056014211e-01
5.416476825475760037e-01
5.435651547895505864e-01
5.454826270315251691e-01
5.474000992734997517e-01
5.493175715154743344e-01
5.512542184798686629e-01
5.531908654442629913e-01
5.551275124086573198e-01
5.570641593730516483e-01
5.590008063374459768e-01
5.609374533018403053e-01
5.628741002662347448e-01
5.648107472306290733e-01
5.667667606646673573e-01
5.687227740987056412e-01
5.706787875327439252e-01
5.726348009667822092e-01
5.745908144008204932e-01
5.765468278348587772e-01
5.785028412688970612e-01
5.804588547029353451e-01
5.824344282713140863e-01
5.844100018396927165e-01
5.863855754080713467e-01
5.883611489764499769e-01
5.903367225448286071e-01
5.923122961132073483e-01
5.942878696815860895e-01
5.962634432499647197e-01
5.982587725540271517e-01
6.002541018580895837e-01
6.022494311621520158e-01
6.042447604662145588e-01
6.062400897702771019e-01
6.082354190743395339e-01
6.102307483784019659e-01
6.122260776824643980e-01
6.142413602795675498e-01
6.162566428766705906e-01
6.182719254737736314e-01
6.202872080708767832e-01
6.223024906679798240e-01
6.243177732650828649e-01
6.263330558621860167e-01
6.283483384592890575e-01
6.303837738823632186e-01
6.324192093054372688e-01
6.344546447285113189e-01
6.364900801515854800e-01
6.385255155746596412e-01
6.405609509977336913e-01
6.425963864208077414e-01
6.446318218438819025e-01
6.466876116211868197e-01
6.487434013984916259e-01
6.507991911757964321e-01
6.528549809531012382e-01
6.549107707304060444e-01
6.569665605077109616e-01
6.590223502850158788e-01
6.610781400623206849e-01
6.631544877373986013e-01
6.652308354124765177e-01
6.673071830875544341e-01
6.693835307626323505e-01
6.714598784377102669e-01
6.735362261127881833e-01
6.756125737878659887e-01
6.776889214629439051e-01
6.797860326147726617e-01
6.818831437666013073e-01
6.839802549184299529e-01
6.860773660702585985e-01
6.881744772220872441e-01
6.902715883739158897e-01
6.923686995257445354e-01
6.944658106775732920e-01
6.965838929409202684e-01
6.987019752042671339e-01
7.008200574676141104e-01
7.029381397309610868e-01
7.050562219943080633e-01
7.071743042576550398e-01
7.092923865210020162e-01
7.114104687843489927e-01
7.135497318703294400e-01
7.156889949563098874e-01
7.178282580422903347e-01
7.199675211282707821e-01
7.221067842142512294e-01
7.242460473002316768e-01
7.263853103862121241e-01
7.285245734721924604e-01
7.306852291890326700e-01
7.328458849058729907e-01
7.350065406227132003e-01
7.371671963395534100e-01
7.393278520563936196e-01
7.414885077732338292e-01
7.436491634900741499e-01
7.458098192069143595e-01
7.479920814809229990e-01
7.501743437549316385e-01
7.523566060289402779e-01
7.545388683029489174e-01
7.567211305769575569e-01
7.589033928509661964e-01
7.610856551249748359e-01
7.632679173989834753e-01
7.654720022957322012e-01
7.676760871924809271e-01
7.698801720892296530e-01
7.720842569859783788e-01
7.742883418827271047e-01
7.764924267794758306e-01
7.786965116762245565e-01
7.809005965729732823e-01
7.831267223186895166e-01
7.853528480644056398e-01
7.875789738101218740e-01
7.898050995558381082e-01
7.920312253015543424e-01
7.942573510472705767e-01
7.964834767929868109e-01
7.987096025387030451e-01
8.009579895418763584e-01
8.032063765450497828e-01
8.054547635482232071e-01
8.077031505513965204e-01
8.099515375545699447e-01
8.121999245577433690e-01
8.144483115609166823e-01
8.166966985640901067e-01
8.189675694372953174e-01
8.212384403105004171e-01
8.235093111837055169e-01
8.257801820569106166e-01
8.280510529301157163e-01
8.303219238033208160e-01
8.325927946765259158e-01
8.348636655497310155e-01
8.371572451316682262e-01
8.394508247136053258e-01
8.417444042955424255e-01
8.440379838774796362e-01
8.463315634594168468e-01
8.486251430413540575e-01
8.509187226232912682e-01
8.532123022052283678e-01
8.555288175829849351e-01
8.578453329607413913e-01
8.601618483384979585e-01
8.624783637162545258e-01
8.647948790940110930e-01
8.671113944717676603e-01
8.694279098495241165e-01
8.717444252272806837e-01
8.740841057588147889e-01
8.764237862903488940e-01
8.787634668218829992e-01
8.811031473534171043e-01
8.834428278849512095e-01
8.857825084164853147e-01
8.881221889480194198e-01
8.904618694795535250e-01
8.928249468164028979e-01
8.951880241532523819e-01
8.975511014901018658e-01
8.999141788269513498e-01
9.022772561638008337e-01
9.046403335006502067e-01
9.070034108374995796e-01
9.093664881743490636e-01
9.117531962845669691e-01
9.141399043947848746e-01
9.165266125050028911e-01
9.189133206152207967e-01
9.213000287254387022e-01
9.236867368356567187e-01
9.260734449458746242e-01
9.284601530560925298e-01
9.308707282474126821e-01
9.332813034387327233e-01
9.356918786300527646e-01
9.381024538213729169e-01
9.405130290126930692e-01
9.429236042040132215e-01
9.453341793953333738e-01
9.477447545866534151e-01
9.501794355298867067e-01
9.526141164731201094e-01
9.550487974163534011e-01
9.574834783595866927e-01
9.599181593028199844e-01
9.623528402460532760e-01
9.647875211892866787e-01
9.672222021325199703e-01
9.696812298851855694e-01
9.721402576378512794e-01
9.745992853905169895e-01
9.770583131431825885e-01
9.795173408958481875e-01
9.819763686485138976e-01
9.844353964011796077e-01
9.868944241538452067e-01
9.893780421840374650e-01
9.918616602142298344e-01
9.943452782444220928e-01
9.968288962746143511e-01
9.993125143048067205e-01
1.001796132334999090e+00
1.004279750365191237e+00
1.006763368395383607e+00
1.009271822605877666e+00
1.011780276816371948e+00
1.014288731026866230e+00
1.016797185237360512e+00
1.019305639447854794e+00
1.021814093658349076e+00
1.024322547868843358e+00
1.026831002079337418e+00
1.029364540831936736e+00
1.031898079584535832e+00
1.034431618337134928e+00
1.036965157089734024e+00
1.039498695842333120e+00
1.042032234594932438e+00
1.044565773347531756e+00
1.047099312100130852e+00
1.049658186240256086e+00
1.052217060380381097e+00
1.054775934520506109e+00
1.057334808660631342e+00
1.059893682800756576e+00
1.062452556940881809e+00
1.065011431081007043e+00
1.067570305221132054e+00
1.070154768102658416e+00
1.072739230984184999e+00
1.075323693865711361e+00
1.077908156747237722e+00
1.080492619628764084e+00
1.083077082510290445e+00
1.085661545391817029e+00
1.088246008273343390e+00
1.090856315783685027e+00
1.093466623294026885e+00
1.096076930804368521e+00
1.098687238314710157e+00
1.101297545825051793e+00
1.103907853335393430e+00
1.106518160845735288e+00
1.109128468356076924e+00
1.111764878941522205e+00
1.114401289526967265e+00
1.117037700112412324e+00
1.119674110697857383e+00
1.122310521283302442e+00
1.124946931868747502e+00
1.127583342454192561e+00
1.130219753039637620e+00
1.132882527730937117e+00
1.135545302422236613e+00
1.138208077113536110e+00
1.140870851804835828e+00
1.143533626496135547e+00
1.146196401187435043e+00
1.148859175878734540e+00
1.151521950570034036e+00
1.154211353008246510e+00
1.156900755446458984e+00
1.159590157884671680e+00
1.162279560322884153e+00
1.164968962761096627e+00
1.167658365199309323e+00
1.170347767637521796e+00
1.173037170075734270e+00
1.175753466538328906e+00
1.178469763000923543e+00
1.181186059463518179e+00
1.183902355926112815e+00
1.186618652388707451e+00
1.189334948851302087e+00
1.192051245313896946e+00
1.194767541776491582e+00
1.197511001203712233e+00
1.200254460630932662e+00
1.202997920058153314e+00
1.205741379485373965e+00
1.208484838912594617e+00
1.211228298339815268e+00
1.213971757767035919e+00
1.216715217194256571e+00
1.219486111215749347e+00
1.222257005237242122e+00
1.225027899258734898e+00
1.227798793280227896e+00
1.230569687301720894e+00
1.233340581323213669e+00
1.236111475344706445e+00
1.238882369366199221e+00
1.241680972327906973e+00
1.244479575289614726e+00
1.247278178251322478e+00
1.250076781213030230e+00
1.252875384174737983e+00
1.255673987136445735e+00
1.258472590098153487e+00
1.261271193059861240e+00
1.264097782051186059e+00
1.266924371042510877e+00
1.269750960033835696e+00
1.272577549025160515e+00
1.275404138016485334e+00
1.278230727007810152e+00
1.281057315999134971e+00
1.283883904990459790e+00
1.286738759871697724e+00
1.289593614752935880e+00
1.292448469634174035e+00
1.295303324515411969e+00
1.298158179396650125e+00
1.301013034277888281e+00
1.303867889159126214e+00
1.306722744040364370e+00
1.309606147470414816e+00
1.312489550900465263e+00
1.315372954330515709e+00
1.318256357760566155e+00
1.321139761190616602e+00
1.324023164620667048e+00
1.326906568050717494e+00
1.329789971480767941e+00
1.332702208945118816e+00
1.335614446409469913e+00
1.338526683873820788e+00
1.341438921338171664e+00
1.344351158802522761e+00
1.347263396266873636e+00
1.350175633731224512e+00
1.353087871195575609e+00
1.356029231034570071e+00
1.358970590873564532e+00
1.361911950712558994e+00
1.364853310551553456e+00
1.367794670390547918e+00
1.370736030229542379e+00
1.373677390068536841e+00
1.376618749907531303e+00
1.379589523344915580e+00
1.382560296782300080e+00
1.385531070219684580e+00
1.388501843657068857e+00
1.391472617094453357e+00
1.394443390531837856e+00
1.397414163969222134e+00
1.400384937406606634e+00
1.403385418578364963e+00
1.406385899750123070e+00
1.409386380921881399e+00
1.412386862093639728e+00
1.415387343265397835e+00
1.418387824437156164e+00
1.421388305608914493e+00
1.424388786780672600e+00
1.427419272764148372e+00
1.430449758747624145e+00
1.433480244731100139e+00
1.436510730714575912e+00
1.439541216698051684e+00
1.442571702681527679e+00
1.445602188665003451e+00
1.448632674648479224e+00
1.451693465491789681e+00
1.454754256335100360e+00
1.457815047178411039e+00
1.460875838021721496e+00
1.463936628865032175e+00
1.466997419708342854e+00
1.470058210551653310e+00
1.473119001394963989e+00
1.476210400146707791e+00
1.479301798898451370e+00
1.482393197650195171e+00
1.485484596401938973e+00
1.488575995153682552e+00
1.491667393905426353e+00
1.494758792657170154e+00
1.497850191408913734e+00
1.500972504148174735e+00
1.504094816887435959e+00
1.507217129626697183e+00
1.510339442365958185e+00
1.513461755105219408e+00
1.516584067844480632e+00
1.519706380583741634e+00
1.522828693323002858e+00
1.525982229189656536e+00
1.529135765056310436e+00
1.532289300922964115e+00
1.535442836789617793e+00
1.538596372656271694e+00
1.541749908522925372e+00
1.544903444389579050e+00
1.548056980256232951e+00
1.551242051481553252e+00
1.554427122706873554e+00
1.557612193932193856e+00
1.560797265157514158e+00
1.563982336382834459e+00
1.567167407608154761e+00
1.570352478833475063e+00
1.573537550058795365e+00
1.576754471996368867e+00
1.579971393933942370e+00
1.583188315871515872e+00
1.586405237809089375e+00
1.589622159746662877e+00
1.592839081684236380e+00
1.596056003621809882e+00
1.599272925559383385e+00
1.602522016716332764e+00
1.605771107873281922e+00
1.609020199030231080e+00
1.612269290187180459e+00
1.615518381344129617e+00
1.618767472501078775e+00
1.622016563658028154e+00
1.625265654814977312e+00
1.628547236883496119e+00
1.631828818952014704e+00
1.635110401020533510e+00
1.638391983089052317e+00
1.641673565157570902e+00
1.644955147226089709e+00
1.648236729294608516e+00
1.651518311363127101e+00
1.654832709252330947e+00
1.658147107141534793e+00
1.661461505030738639e+00
1.664775902919942707e+00
1.668090300809146775e+00
1.671404698698350622e+00
1.674719096587554468e+00
1.678033494476758314e+00
1.681381036344854252e+00
1.684728578212950190e+00
1.688076120081046128e+00
1.691423661949142065e+00
1.694771203817238003e+00
1.698118745685333941e+00
1.701466287553429879e+00
1.704813829421525817e+00
1.708194846708302794e+00
1.711575863995079549e+00
1.714956881281856305e+00
1.718337898568633282e+00
1.721718915855410259e+00
1.725099933142187236e+00
1.728480950428964213e+00
1.731861967715740969e+00
1.735276795175385800e+00
1.738691622635030409e+00
1.742106450094675019e+00
1.745521277554319628e+00
1.748936105013964237e+00
1.752350932473608847e+00
1.755765759933253456e+00
1.759180587392898287e+00
1.762629563127139587e+00
1.766078538861380665e+00
1.769527514595621742e+00
1.772976490329862820e+00
1.776425466064103897e+00
1.779874441798344975e+00
1.783323417532586053e+00
1.786772393266827352e+00
1.790255858758410756e+00
1.793739324249994382e+00
1.797222789741578008e+00
1.800706255233161635e+00
1.804189720724745261e+00
1.807673186216328665e+00
1.811156651707912069e+00
1.814640117199495695e+00
1.818158417345995037e+00
1.821676717492494380e+00
1.825195017638993722e+00
1.828713317785493064e+00
1.832231617931992407e+00
1.835749918078491749e+00
1.839268218224991092e+00
1.842786518371490656e+00
1.846340001519454876e+00
1.849893484667419319e+00
1.853446967815383761e+00
1.857000450963348204e+00
1.860553934111312646e+00
1.864107417259276867e+00
1.867660900407241087e+00
1.871214383555205529e+00
1.874803401534649527e+00
1.878392419514093525e+00
1.881981437493537523e+00
1.885570455472981521e+00
1.889159473452425519e+00
1.892748491431869517e+00
1.896337509411313516e+00
1.899926527390757514e+00
1.903551435549995841e+00
1.907176343709234390e+00
1.910801251868472939e+00
1.914426160027711266e+00
1.918051068186949593e+00
1.921675976346188142e+00
1.925300884505426691e+00
1.928925792664665018e+00
1.932586949905495732e+00
1.936248107146326669e+00
1.939909264387157606e+00
1.943570421627988321e+00
1.947231578868819035e+00
1.950892736109649972e+00
1.954553893350480909e+00
1.958215050591311623e+00
1.961912819404550756e+00
1.965610588217789889e+00
1.969308357031029022e+00
1.973006125844268155e+00
1.976703894657507288e+00
1.980401663470746421e+00
1.984099432283985553e+00
1.987797201097224686e+00
1.991531947598596197e+00
1.995266694099967708e+00
1.999001440601339219e+00
2.002736187102710730e+00
2.006470933604082241e+00
2.010205680105453752e+00
2.013940426606825262e+00
2.017675173108196773e+00
2.021447267074582221e+00
2.025219361040967225e+00
2.028991455007352229e+00
2.032763548973737677e+00
2.036535642940123125e+00
2.040307736906508129e+00
2.044079830872893133e+00
2.047851924839278581e+00
2.051661739745327395e+00
2.055471554651376653e+00
2.059281369557425911e+00
2.063091184463474725e+00
2.066900999369523984e+00
2.070710814275573242e+00
2.074520629181622056e+00
2.078330444087671314e+00
