1.972839999999999927e+00
8.179290000000000171e-01
8.910179999999999767e-01
8.172700000000000520e-01
3.174009999999999887e-01
1.247610000000000108e+00
3.099850000000000105e-01
4.161949999999999816e-01
1.316470000000000029e+00
8.516740000000000421e-01
3.850069999999999881e-01
3.639439999999999897e-01
1.935169999999999946e-01
1.463850000000000096e+00
1.099560000000000093e+00
1.390329999999999899e-01
1.281700000000000061e-01
9.479849999999999666e-01
9.407219999999999471e-01
4.662229999999999985e-01
1.373299999999999965e+00
3.451130000000000031e-01
6.212039999999999784e-01
6.563799999999999635e-01
6.849640000000000173e-01
4.080889999999999795e-01
1.115660000000000096e+00
9.493869999999999809e-01
5.601930000000000520e-01
3.736369999999999969e-01
6.560700000000000420e-01
7.656499999999999417e-02
7.462929999999999842e-01
3.125020000000000020e-01
7.920859999999999568e-01
6.786170000000000258e-01
1.214539999999999953e+00
2.851899999999999991e-01
6.213290000000000202e-01
8.986669999999999936e-01
3.096920000000000228e-01
3.743119999999999781e-01
7.221290000000000209e-01
3.613660000000000205e-01
5.116220000000000212e-01
6.707670000000000021e-01
1.049420000000000019e+00
8.437719999999999665e-01
7.284429999999999517e-01
7.920669999999999655e-01
9.580720000000000347e-01
1.447529999999999928e-01
7.695819999999999883e-01
3.807699999999999974e-01
6.233919999999999462e-01
1.171470000000000011e+00
4.785590000000000122e-01
1.128039999999999932e+00
2.613860000000000072e-01
6.943009999999999460e-01
5.646999999999999797e-01
9.753159999999999608e-01
8.678289999999999615e-01
3.616750000000000242e-01
1.942550000000000110e-01
9.136760000000000437e-01
3.876910000000000078e-01
6.592329999999999579e-01
9.530009999999999870e-01
1.089699999999999891e+00
2.122469999999999912e-01
6.617619999999999614e-01
9.459619999999999695e-01
2.647900000000000253e-01
6.365049999999999875e-01
1.064939999999999998e+00
8.462210000000000010e-01
5.632340000000000124e-01
1.230429999999999913e+00
1.372870000000000035e+00
5.657189999999999719e-01
5.676390000000000047e-01
4.115599999999999814e-01
7.510949999999999571e-01
4.228339999999999876e-01
7.686089999999999867e-01
1.374789999999999957e+00
8.536350000000000326e-01
6.553769999999999873e-01
6.605729999999999658e-01
7.014019999999999699e-01
1.338039999999999896e+00
7.938690000000000468e-01
5.984089999999999687e-01
4.223620000000000152e-01
6.056770000000000209e-01
5.953739999999999588e-01
4.993440000000000101e-01
1.578189999999999982e+00
1.270000000000000018e+00
